134512640 127
134512641 69
134512642 76
134512643 70
134512644 1
134512645 1
134512646 1
134512647 0
134512648 0
134512649 0
134512650 0
134512651 0
134512652 0
134512653 0
134512654 0
134512655 0
134512656 2
134512657 0
134512658 3
134512659 0
134512660 1
134512661 0
134512662 0
134512663 0
134512664 0
134512665 144
134512666 4
134512667 8
134512668 52
134512669 0
134512670 0
134512671 0
134512672 24
134512673 33
134512674 0
134512675 0
134512676 0
134512677 0
134512678 0
134512679 0
134512680 52
134512681 0
134512682 32
134512683 0
134512684 4
134512685 0
134512686 40
134512687 0
134512688 7
134512689 0
134512690 6
134512691 0
134512692 1
134512693 0
134512694 0
134512695 0
134512696 0
134512697 0
134512698 0
134512699 0
134512700 0
134512701 128
134512702 4
134512703 8
134512704 0
134512705 128
134512706 4
134512707 8
134512708 208
134512709 0
134512710 0
134512711 0
134512712 208
134512713 0
134512714 0
134512715 0
134512716 4
134512717 0
134512718 0
134512719 0
134512720 0
134512721 16
134512722 0
134512723 0
134512724 1
134512725 0
134512726 0
134512727 0
134512728 0
134512729 16
134512730 0
134512731 0
134512732 0
134512733 144
134512734 4
134512735 8
134512736 0
134512737 144
134512738 4
134512739 8
134512740 34
134512741 0
134512742 0
134512743 0
134512744 34
134512745 0
134512746 0
134512747 0
134512748 5
134512749 0
134512750 0
134512751 0
134512752 0
134512753 16
134512754 0
134512755 0
134512756 1
134512757 0
134512758 0
134512759 0
134512760 0
134512761 32
134512762 0
134512763 0
134512764 0
134512765 160
134512766 4
134512767 8
134512768 0
134512769 160
134512770 4
134512771 8
134512772 13
134512773 0
134512774 0
134512775 0
134512776 13
134512777 0
134512778 0
134512779 0
134512780 6
134512781 0
134512782 0
134512783 0
134512784 0
134512785 16
134512786 0
134512787 0
134512788 4
134512789 0
134512790 0
134512791 0
134512792 180
134512793 0
134512794 0
134512795 0
134512796 180
134512797 128
134512798 4
134512799 8
134512800 180
134512801 128
134512802 4
134512803 8
134512804 28
134512805 0
134512806 0
134512807 0
134512808 28
134512809 0
134512810 0
134512811 0
134512812 4
134512813 0
134512814 0
134512815 0
134512816 4
134512817 0
134512818 0
134512819 0
134512820 4
134512821 0
134512822 0
134512823 0
134512824 12
134512825 0
134512826 0
134512827 0
134512828 5
134512829 0
134512830 0
134512831 0
134512832 71
134512833 78
134512834 85
134512835 0
134512836 1
134512837 0
134512838 0
134512839 192
134512840 4
134512841 0
134512842 0
134512843 0
134512844 1
134512845 0
134512846 0
134512847 0
134516736 186
134516737 13
134516738 0
134516739 0
134516740 0
134516741 185
134516742 0
134516743 160
134516744 4
134516745 8
134516746 187
134516747 1
134516748 0
134516749 0
134516750 0
134516751 184
134516752 4
134516753 0
134516754 0
134516755 0
134516756 205
134516757 128
134516758 187
134516759 0
134516760 0
134516761 0
134516762 0
134516763 184
134516764 1
134516765 0
134516766 0
134516767 0
134516768 205
134516769 128
134520832 72
134520833 101
134520834 108
134520835 108
134520836 111
134520837 32
134520838 87
134520839 111
134520840 114
134520841 108
134520842 100
134520843 33
134520844 10
